-5.107505475410383244e-01
-1.246862485451524671e+00
7.252758826399572367e-01
-1.594668794148049740e+00
8.265989696442354040e-01
-1.242714718185322781e-01
-1.774987216698582504e+00
1.349222800325891480e+00
-3.649859831978181091e-01
-1.729437324800645881e-01
-1.190155545690406935e+00
1.302622522901953350e-01
-9.368722945412349956e-01
1.169555424544350686e+00
-5.425546474347302528e-01
-4.261962219098184845e-01
-1.509647376654867923e-01
-1.029196999878011498e+00
-6.837735722526951110e-02
4.961884053645982950e-01
1.565061975458406918e-01
-8.490693388059354918e-01
8.127274161604177705e-01
1.753938294244136609e+00
-5.111831416836140063e-01
-1.817199253120996283e-01
-3.620663153816149338e-01
-7.902295153536601502e-01
-5.690556761283629417e-01
-5.008980939070559746e-01
9.742293606448907406e-01
1.250746644491953496e+00
-1.264733487027737135e+00
-7.732646442624167005e-01
-8.776938020918402250e-01
9.234233613772256932e-01
-8.666667743616969510e-02
4.684202493817282154e-01
-7.382438659151576710e-01
-5.673869461061634700e-01
-9.031559917073963550e-01
-7.022262245476723619e-01
1.373542468281686135e+00
1.564444088237545438e+00
-1.265284516384613145e+00
1.057984239413360283e+00
-1.076157106026766952e+00
-1.171527797061712839e+00
-6.804589226591979678e-02
-1.404072689289339371e+00
1.359130342392449231e+00
1.907555487534235095e+00
-5.515521449867445414e-01
4.030599938963625450e-01
2.921167663253100844e-01
6.972674529446623026e-01
-1.511288979351811612e+00
2.803455461317562736e-01
1.612823538075432162e-01
-1.335752201293341601e+00
-9.162437397220082325e-01
6.215119619581669363e-01
-7.621185950655385843e-01
1.841686290087354017e-01
-1.567599021814186866e+00
-3.141208691489044136e-01
-7.474292516651125373e-01
-6.564344920129878691e-01
-5.436192434624259606e-01
8.937885693611090643e-01
6.941785777276612834e-02
1.770658765377083554e+00
-4.537428053455268284e-02
2.931390547248728939e-01
1.546658952108722340e-01
-3.535959729838938359e-01
8.055635114390859997e-01
1.567638677885269116e+00
-1.063004019829358882e+00
-1.695818815256328049e+00
7.673965808581801884e-01
1.893350272472248186e+00
-1.173635375089515792e-01
-1.807763447298657011e+00
1.563636184651115979e+00
-7.755360649374302973e-02
1.541064553554769123e+00
1.206459391794924008e+00
-3.387340751920194237e-01
1.239413927633344903e+00
2.181887452436726438e+00
-1.900072709205326893e+00
-6.969607280597509003e-02
3.435496695798062605e-01
4.473137426449128040e-01
-7.421390006944211803e-01
6.523745853330997768e-01
2.692363287590792686e-01
-5.151198912021619503e-01
-4.306962243996084183e-01
